·- 3393·

. ι333333 333 3333333333 333 33 33333 333333 3333 -
’,3333 333333 33333333333333333 33333. 33333 33 33 3333

’ &einr 3333333333 3333333333 3333 333 (3333333333 333 (Qu-

„ 3333333, 3333 ‘pruning 3333 333 3333. 33333333 33333 ἱ ’·
”W ‘t 333 3333 Qaten 33333333, ’33 333 33333 Qer ’· ·
y 333333 mit 3333 3333333 ς33333333333333 .ς, - ,

ῡ333 3333, 3333333333 3333333333, 333 333 3333 3333

’3333333 3333333333 (333 333333 33 3333 3333333333, 3333 ’33333 ,

33333333, 3333333333 3333 3333 333 3333333333 3333333333

3333, (3333333 339 333333 (3333333 333 (3333333333 &p Α

’3333333333 ,33333 3 3 33333333 (5333333333, 3333 33 ’

ι,3333333333 333 33 933333 3333333 3333333333 33333 333

’3333333333 333 33333 333 333 33333 333, 3333333 33333333 33 'a

3333 3333 333333 33333333 333333

. ,3333333333331333)333,33333333333333333333 5-

¹ 33333 333 man 333 (3333333333 333333 33333Ι 333Ι 3333
3333 &tant 33333 3333333333 3333 33333333· 333 3333 33333

333 3333333333 333333 33333 33 3333333333 3333333333Ι 33333 ¹ s

33 3333 333333 333· 333 33333333, 333 333 3333333 333
333 33333333. 33333 33333333 9333 3333333333 333 333333·
η 33333333333333333333333333 33333333,1 333 3333

3333333333 3333333333 3333333333333333333333333339, ,

33333 333333, 333 3333333 3333333333 333 33333333 3333

,. unterbtflfflung 333 33333333 33333333, gud) hm} ‘²⁰⁶5 ι,

33333333, 333 33 333 33333 um 3 3 3333. 33333 33333333 ’ ’

33333 eine 333333 333333 3333 um ΙΘ3333 3333 33333333 ⁴

3333333· 3333 33 33333 33333 333 3333333333 3333333 3333
333333 3333 -

3333 3333 33333333 33333333 333 3333 33333333 3333 ·

33333333 3333333 333 3333333333 33333333333333333333,

3333333333 3333333333 geru 33333 33333333ῶυί3 3333 3333, , ·

⁴ 33333 3333 333 33 3333333333 3333 333333 33 333 3333333333 ’

333333, 333 33 3333333333, 3333333 3333 333 3333333

., 3333 333 33 33333333 33333 333, 333 3333 333 3333333333· ,

 

