:⁶- 317 7⁴.

Ὗ 7777 7 7777777777 77777 777 7777777777 7777 77777 777777

’ 7777777777 uus 777 7777777 7777 7777 777, 77777777, 7777
777777 7777 7777 77777777 7777777777 7777777 777 777777 ,
7777777777 777777. 77777 75777 7777777777 777777 77777 -
7777777 7777777 77777777 77777777 777777 77777, 7777
’ 77777, 777 {m 777777 ιιι 7777777777 777777.

, 77777· 77 ιιιιι 77777 7777777 {n 777 &taut 777777 ιο
7777777777, 7777 777 77777 77 7777777· 7777777777 7777, 7
7777777777 777 777777, 777 7777 &mn 7777777 777777, Ι
ιιιι7 7777777777 777 77777 ιιιι7 nium 77777777 7777777777,
7777 777 777777 7777777777 77777 bu 7777 7777777777 ,τ
- 7777 7777777773, 777 777777, 7777 777777τ,,777 ,7777 777 ·

gen 77777777777777777 7777777 77777777, minu ’777 777 - ‚

&11th 777 77777 7777777, 7777 7777777777, 77777777 777 ,
· 777777, 7777777777. 7777777777 7777777 7777777777 ·
,777, 7777 7777777777 wer, 777777 777 7777777777 nod) ,
777777 77777777. 737 (7777 7777 7777777777 ⁰¹¹¹ 777 ¹ ·
777777, 77777 77777 3777, 777 777777 777777, 7777 7777 ¹ '
7777777 7777777 77777777 7777777 ’(7777 77777 777 7ίὶ77
, 7777 777777, 777 777 (7777 777777· 7777777777.

37 77777 77777 777, 7777 7777777, 7777 7777777777 ιι, .
7777777777 ,7777 7777777777 7777777, 777 777) 7777, 77777
7777777777 7777777777 777777, 777777 7777777777 7777777 ι
verfvrtn: 7777 777) 77777777 77777 77777777 77 · 7777 7 ⁴ ‘⁴ ·
7777 777 77777777777777 7, 7777 777 7777777777 777
7777777 77777 77777 7777 777 ιιιι7 777777777777, 777777 ’
77 7777 777 777 77777777 77777777, 7777 77777 77777 777777
7777777 77777 777777 777777 7777 777777 7777777 7777 777
77 77777777 7777777777 7777 7777777777 77777, 777777 mut ,
777 (77777 777 777· 7777777777 777 7777777777. 777777
777· 777 7777777777 777 7777777777 7777777 777777 777777 ·
777 7777777777ιί7 777 7777. 7777, 7777777777 777 ' ,

,77777777 77777, 77 77777777 7777 77777 77777 ιιιι7 777777ν

 

